time	diversity	m_div	M_div
0.0	1.0	1	1
0.10243902439024391	4.0	4	4
0.20487804878048782	2.0	2	2
0.30731707317073176	2.0	2	2
0.40975609756097564	2.0	2	2
0.5121951219512195	2.0	2	2
0.6146341463414635	2.0	2	2
0.7170731707317074	1.0	1	1
0.8195121951219513	1.0	1	1
0.9219512195121952	1.0	1	1
1.024390243902439	2.0	2	2
1.126829268292683	2.0	2	2
1.229268292682927	2.0	2	2
1.3317073170731708	2.0	2	2
1.4341463414634148	3.0	3	3
1.5365853658536586	4.0	4	4
1.6390243902439026	4.0	4	4
1.7414634146341466	4.0	4	4
1.8439024390243903	4.0	4	4
1.9463414634146343	3.0	3	3
2.048780487804878	3.0	3	3
2.151219512195122	2.0	2	2
2.253658536585366	2.0	2	2
2.35609756097561	2.0	2	2
2.458536585365854	1.0	1	1
2.5609756097560976	3.0	3	3
2.6634146341463416	2.0	2	2
2.7658536585365856	1.0	1	1
2.8682926829268296	1.0	1	1
2.9707317073170736	1.0	1	1
3.073170731707317	1.0	1	1
3.175609756097561	1.0	1	1
3.278048780487805	1.0	1	1
3.380487804878049	1.0	1	1
3.482926829268293	2.0	2	2
3.5853658536585367	2.0	2	2
3.6878048780487807	1.0	1	1
3.7902439024390246	1.0	1	1
3.8926829268292686	0.0	0	0
3.9951219512195126	0.0	0	0
4.097560975609756	1.0	1	1
4.2	1.0	1	1
