time	diversity	m_div	M_div
0.0	1.0	1	1
0.05	3.0	3	3
0.1	4.0	4	4
0.15000000000000002	3.0	3	3
0.2	2.0	2	2
0.25	2.0	2	2
0.30000000000000004	2.0	2	2
0.35000000000000003	2.0	2	2
0.4	2.0	2	2
0.45	2.0	2	2
0.5	2.0	2	2
0.55	2.0	2	2
0.6000000000000001	2.0	2	2
0.65	2.0	2	2
0.7000000000000001	1.0	1	1
0.75	1.0	1	1
0.8	1.0	1	1
0.8500000000000001	1.0	1	1
0.9	1.0	1	1
0.9500000000000001	1.0	1	1
1.0	2.0	2	2
1.05	2.0	2	2
1.1	2.0	2	2
1.1500000000000001	2.0	2	2
1.2000000000000002	2.0	2	2
1.25	2.0	2	2
1.3	3.0	3	3
1.35	3.0	3	3
1.4000000000000001	3.0	3	3
1.4500000000000002	3.0	3	3
1.5	3.0	3	3
1.55	3.0	3	3
1.6	3.0	3	3
1.6500000000000001	4.0	4	4
1.7000000000000002	4.0	4	4
1.75	4.0	4	4
1.8	4.0	4	4
1.85	3.0	3	3
1.9000000000000001	3.0	3	3
1.9500000000000002	3.0	3	3
2.0	3.0	3	3
2.0500000000000003	2.0	2	2
2.1	2.0	2	2
2.15	2.0	2	2
2.2	2.0	2	2
2.25	2.0	2	2
2.3000000000000003	2.0	2	2
2.35	2.0	2	2
2.4000000000000004	2.0	2	2
2.45	2.0	2	2
2.5	2.0	2	2
2.5500000000000003	2.0	2	2
2.6	2.0	2	2
2.6500000000000004	2.0	2	2
2.7	1.0	1	1
2.75	1.0	1	1
2.8000000000000003	1.0	1	1
2.85	1.0	1	1
2.9000000000000004	1.0	1	1
2.95	1.0	1	1
3.0	2.0	2	2
3.0500000000000003	1.0	1	1
3.1	1.0	1	1
3.1500000000000004	1.0	1	1
3.2	1.0	1	1
3.25	1.0	1	1
3.3000000000000003	1.0	1	1
3.35	1.0	1	1
3.4000000000000004	1.0	1	1
3.45	1.0	1	1
3.5	1.0	1	1
3.5500000000000003	1.0	1	1
3.6	1.0	1	1
3.6500000000000004	1.0	1	1
3.7	1.0	1	1
3.75	0.0	0	0
3.8000000000000003	0.0	0	0
3.85	0.0	0	0
3.9000000000000004	1.0	1	1
3.95	1.0	1	1
4.0	1.0	1	1
4.05	1.0	1	1
4.1000000000000005	1.0	1	1
4.15	1.0	1	1
4.2	1.0	1	1
4.25	0.0	0	0
