time	diversity	m_div	M_div
0.0	1.0	1	1
0.10297589714768446	5.0	5	5
0.20595179429536892	5.0	5	5
0.3089276914430534	5.0	5	5
0.41190358859073783	4.0	4	4
0.5148794857384222	4.0	4	4
0.6178553828861068	4.0	4	4
0.7208312800337913	4.0	4	4
0.8238071771814757	4.0	4	4
0.9267830743291601	3.0	3	3
1.0297589714768445	3.0	3	3
1.132734868624529	3.0	3	3
1.2357107657722135	3.0	3	3
1.338686662919898	3.0	3	3
1.4416625600675825	4.0	4	4
1.544638457215267	5.0	5	5
1.6476143543629513	5.0	5	5
1.7505902515106357	5.0	5	5
1.8535661486583201	5.0	5	5
1.9565420458060048	5.0	5	5
2.059517942953689	5.0	5	5
2.162493840101374	6.0	6	6
2.265469737249058	5.0	5	5
2.3684456343967426	3.0	3	3
2.471421531544427	4.0	4	4
2.5743974286921114	6.0	6	6
2.677373325839796	4.0	4	4
2.78034922298748	4.0	4	4
2.883325120135165	4.0	4	4
2.9863010172828495	4.0	4	4
3.089276914430534	4.0	4	4
3.1922528115782183	5.0	5	5
3.2952287087259027	5.0	5	5
3.398204605873587	4.0	4	4
3.5011805030212715	3.0	3	3
3.604156400168956	4.0	4	4
3.7071322973166403	3.0	3	3
3.810108194464325	3.0	3	3
3.9130840916120095	1.0	1	1
4.016059988759694	1.0	1	1
4.119035885907378	1.0	1	1
4.222011783055063	1.0	1	1
4.324987680202748	1.0	1	1
4.427963577350432	1.0	1	1
