clade	species	ts	te
0.0	3.0	3.7401737538733606	2.426200869445773
0.0	4.0	3.8093602620872216	2.0843601596058234
0.0	5.0	4.427963577350432	3.4717887197722144
0.0	6.0	3.336733766964375	3.07489968464781
0.0	7.0	3.536303007641059	3.2660108636176575
0.0	8.0	2.5689677190937505	2.4349477571655784
0.0	9.0	2.161596302149952	1.9827889519625397
0.0	10.0	2.138806675872271	0.006400027572323126
0.0	11.0	1.177864716502241	0.042760563981358926
0.0	12.0	2.5535639773215135	1.2317985351299647
0.0	13.0	1.3608928150463246	0.08459280927382132
0.0	16.0	0.9176666776963375	0.006782932909942276
0.0	17.0	2.247521194263088	1.4311722719972415
0.0	18.0	0.32124290666117966	0.0
0.0	21.0	3.238286720862205	2.303244346316831
0.0	22.0	3.2841046211613962	1.2909201193206465
0.0	23.0	2.178064096408591	1.3470596020086978
