time	diversity	m_div	M_div
0.0	9.0	9.0	9.0
0.10129162298454658	13.0	13.0	13.0
0.20258324596909316	13.0	13.0	13.0
0.30387486895363974	13.0	13.0	13.0
0.4051664919381863	14.0	14.0	14.0
0.506458114922733	14.0	14.0	14.0
0.6077497379072795	14.0	14.0	14.0
0.709041360891826	14.0	14.0	14.0
0.8103329838763726	14.0	14.0	14.0
0.9116246068609193	14.0	14.0	14.0
1.012916229845466	14.0	14.0	14.0
1.1142078528300123	14.0	14.0	14.0
1.215499475814559	14.0	14.0	14.0
1.3167910987991056	16.0	16.0	16.0
1.418082721783652	14.0	14.0	14.0
1.5193743447681987	14.0	14.0	14.0
1.6206659677527453	13.0	13.0	13.0
1.721957590737292	13.0	13.0	13.0
1.8232492137218386	14.0	14.0	14.0
1.924540836706385	12.0	12.0	12.0
2.025832459690932	12.0	12.0	12.0
2.1271240826754783	12.0	12.0	12.0
2.2284157056600247	12.0	12.0	12.0
2.3297073286445715	12.0	12.0	12.0
2.430998951629118	12.0	12.0	12.0
2.5322905746136644	10.0	10.0	10.0
2.633582197598211	10.0	10.0	10.0
2.7348738205827576	10.0	10.0	10.0
2.836165443567304	10.0	10.0	10.0
2.937457066551851	11.0	11.0	11.0
3.0387486895363973	9.0	9.0	9.0
3.140040312520944	9.0	9.0	9.0
3.2413319355054906	8.0	8.0	8.0
3.342623558490037	8.0	8.0	8.0
3.443915181474584	7.0	7.0	7.0
3.5452068044591303	7.0	7.0	7.0
3.646498427443677	6.0	6.0	6.0
3.7477900504282236	6.0	6.0	6.0
3.84908167341277	6.0	6.0	6.0
3.950373296397317	6.0	6.0	6.0
4.051664919381864	6.0	6.0	6.0
4.15295654236641	6.0	6.0	6.0
4.2542481653509565	6.0	6.0	6.0
4.355539788335503	6.0	6.0	6.0
4.456831411320049	6.0	6.0	6.0
4.558123034304596	6.0	6.0	6.0
4.659414657289143	6.0	6.0	6.0
4.7607062802736895	6.0	6.0	6.0
4.861997903258236	6.0	6.0	6.0
4.963289526242782	4.0	4.0	4.0
5.064581149227329	4.0	4.0	4.0
5.165872772211876	4.0	4.0	4.0
5.267164395196422	4.0	4.0	4.0
5.368456018180969	3.0	3.0	3.0
5.469747641165515	3.0	3.0	3.0
5.571039264150062	3.0	3.0	3.0
5.672330887134608	3.0	3.0	3.0
5.773622510119155	3.0	3.0	3.0
5.874914133103702	3.0	3.0	3.0
5.976205756088248	3.0	3.0	3.0
6.077497379072795	3.0	3.0	3.0
6.178789002057341	3.0	3.0	3.0
6.280080625041888	3.0	3.0	3.0
6.381372248026435	3.0	3.0	3.0
6.482663871010981	3.0	3.0	3.0
6.583955493995528	3.0	3.0	3.0
6.685247116980074	3.0	3.0	3.0
6.786538739964621	3.0	3.0	3.0
6.887830362949168	3.0	3.0	3.0
6.989121985933714	3.0	3.0	3.0
7.090413608918261	3.0	3.0	3.0
7.191705231902807	3.0	3.0	3.0
7.292996854887354	3.0	3.0	3.0
7.394288477871901	3.0	3.0	3.0
7.495580100856447	3.0	3.0	3.0
7.5968717238409935	3.0	3.0	3.0
7.69816334682554	3.0	3.0	3.0
7.799454969810086	3.0	3.0	3.0
7.900746592794634	3.0	3.0	3.0
8.00203821577918	3.0	3.0	3.0
8.103329838763727	3.0	3.0	3.0
8.204621461748273	3.0	3.0	3.0
8.30591308473282	2.0	2.0	2.0
8.407204707717366	2.0	2.0	2.0
8.508496330701913	2.0	2.0	2.0
8.609787953686459	2.0	2.0	2.0
8.711079576671006	2.0	2.0	2.0
8.812371199655553	2.0	2.0	2.0
8.913662822640099	2.0	2.0	2.0
9.014954445624646	2.0	2.0	2.0
9.116246068609192	2.0	2.0	2.0
9.217537691593739	2.0	2.0	2.0
9.318829314578286	2.0	2.0	2.0
9.420120937562832	2.0	2.0	2.0
9.521412560547379	2.0	2.0	2.0
9.622704183531924	2.0	2.0	2.0
9.723995806516472	2.0	2.0	2.0
9.825287429501019	2.0	2.0	2.0
9.926579052485565	2.0	2.0	2.0
10.027870675470112	2.0	2.0	2.0
10.129162298454657	2.0	2.0	2.0
10.230453921439205	1.0	1.0	1.0
10.331745544423752	1.0	1.0	1.0
10.433037167408298	1.0	1.0	1.0
10.534328790392845	1.0	1.0	1.0
10.63562041337739	1.0	1.0	1.0
10.736912036361938	1.0	1.0	1.0
10.838203659346485	1.0	1.0	1.0
10.93949528233103	1.0	1.0	1.0
11.040786905315578	1.0	1.0	1.0
11.142078528300123	1.0	1.0	1.0
11.24337015128467	1.0	1.0	1.0
11.344661774269216	1.0	1.0	1.0
11.445953397253763	1.0	1.0	1.0
11.54724502023831	1.0	1.0	1.0
11.648536643222856	1.0	1.0	1.0
11.749828266207404	1.0	1.0	1.0
11.85111988919195	1.0	1.0	1.0
11.952411512176496	1.0	1.0	1.0
12.053703135161044	1.0	1.0	1.0
12.15499475814559	1.0	1.0	1.0
12.256286381130137	1.0	1.0	1.0
12.357578004114682	1.0	1.0	1.0
