clade	species	ts	te
0.0	Canis_adustus	3.5806900057810296	0.0
0.0	Canis_anthus	2.9688378136893676	0.0
0.0	Canis_apolloniensis	1.8862787802249943	1.8106772995229943
0.0	Canis_armbrusteri	2.5115470317978676	0.0036092122814043773
0.0	Canis_aureus	3.403477172136477	0.0
0.0	Canis_cedazoensis	1.3381373130867327	1.2508321595942755
0.0	Canis_dirus	1.8316360494276904	0.0004957171404008399
0.0	Canis_edwardii	10.167112518679104	0.022533214387199314
0.0	Canis_familiaris	2.483613337324803	0.0
0.0	Canis_ferox	12.357578004114682	0.33341252402040333
0.0	Canis_latrans	4.870523710970502	0.0
0.0	Canis_lepophagus	8.258166198838591	0.027788825746901533
0.0	Canis_lupus	3.1690743149816702	0.0
0.0	Canis_mesomelas	4.865604882891554	0.0
0.0	Canis_proplatensis	1.5671377321708728	1.3142660298047808
0.0	Canis_rufus	5.291092445699722	0.0
0.0	Canis_thooides	2.971898809230092	2.85356239342638
0.0	Pseudalopex_gymnocercus	1.3366153394519102	0.0
