clade	species	ts	te
0.0	3.0	3.847097761492175	2.3527746727023993
0.0	4.0	3.849368510360476	2.0731811530436324
0.0	5.0	4.435561411627311	3.499415272119588
0.0	6.0	3.3542476021866556	3.238419529312972
0.0	7.0	3.569207746421381	3.20457304780389
0.0	8.0	2.554857671779243	2.4452869269706032
0.0	9.0	2.1546606667408157	2.0032610735855143
0.0	10.0	2.108173240331891	0.006466126661402084
0.0	11.0	1.1380253286656508	0.04065401985340734
0.0	12.0	2.540096690509293	1.2310039722608415
0.0	13.0	1.324095658376803	0.08364519163821196
0.0	16.0	0.8446142070315542	0.006152310780900688
0.0	17.0	2.261011066734142	1.5091139516288694
0.0	18.0	0.325481442091448	0.0
0.0	21.0	3.2108604889054484	2.2236509476693103
0.0	22.0	3.135844551602175	1.3122107029329653
0.0	23.0	2.215081353991258	0.8780849528189613
