time	diversity	m_div	M_div
0.0	1.0	1	1
0.103152590968077	5.0	5	5
0.206305181936154	5.0	5	5
0.309457772904231	5.0	5	5
0.412610363872308	4.0	4	4
0.515762954840385	4.0	4	4
0.618915545808462	4.0	4	4
0.7220681367765389	4.0	4	4
0.825220727744616	4.0	4	4
0.928373318712693	4.0	4	4
1.03152590968077	4.0	4	4
1.134678500648847	4.0	4	4
1.237831091616924	4.0	4	4
1.340983682585001	4.0	4	4
1.4441362735530778	4.0	4	4
1.5472888645211549	4.0	4	4
1.650441455489232	5.0	5	5
1.753594046457309	5.0	5	5
1.856746637425386	5.0	5	5
1.9598992283934629	5.0	5	5
2.06305181936154	5.0	5	5
2.166204410329617	6.0	6	6
2.269357001297694	5.0	5	5
2.372509592265771	4.0	4	4
2.475662183233848	5.0	5	5
2.5788147742019247	6.0	6	6
2.681967365170002	4.0	4	4
2.785119956138079	4.0	4	4
2.8882725471061557	4.0	4	4
2.991425138074233	4.0	4	4
3.0945777290423098	4.0	4	4
3.197730320010387	4.0	4	4
3.300882910978464	3.0	3	3
3.4040355019465407	4.0	4	4
3.507188092914618	3.0	3	3
3.610340683882695	4.0	4	4
3.713493274850772	3.0	3	3
3.816645865818849	3.0	3	3
3.9197984567869257	3.0	3	3
4.022951047755003	1.0	1	1
4.12610363872308	1.0	1	1
4.229256229691157	1.0	1	1
4.332408820659234	1.0	1	1
4.435561411627311	1.0	1	1
