clade	species	ts	te
0.0	3.0	3.9514077573880253	2.2724392053298335
0.0	4.0	4.106928554104706	1.6101611480163276
0.0	5.0	4.561498083695737	3.4097183564492988
0.0	6.0	3.2133523859124224	3.1753665611340356
0.0	7.0	3.416326568307956	3.3770870897462997
0.0	8.0	2.5132016006740145	2.4867760885117174
0.0	9.0	2.063640111902034	2.023845570866098
0.0	10.0	2.376163496835689	0.0027601845977599576
0.0	11.0	1.2352964940884674	0.022082747644840892
0.0	12.0	2.832788785360753	0.9716621879900788
0.0	13.0	1.3477516697549745	0.01723102969669332
0.0	16.0	0.9110718710473923	0.00041292858334538265
0.0	17.0	2.34821689165712	1.2680813741783359
0.0	18.0	0.3183792272075098	0.0
0.0	21.0	3.2821153690954192	2.1018026640269603
0.0	22.0	3.375167559043032	0.6545198501484835
0.0	23.0	2.2024280184853575	1.2190373833765251
