time	diversity	m_div	M_div
0.0	1.0	1	1
0.10367041099308492	5.0	5	5
0.20734082198616985	5.0	5	5
0.31101123297925476	5.0	5	5
0.4146816439723397	4.0	4	4
0.5183520549654246	4.0	4	4
0.6220224659585095	4.0	4	4
0.7256928769515945	5.0	5	5
0.8293632879446794	5.0	5	5
0.9330336989377643	4.0	4	4
1.0367041099308492	5.0	5	5
1.1403745209239342	5.0	5	5
1.244044931917019	5.0	5	5
1.347715342910104	5.0	5	5
1.451385753903189	6.0	6	6
1.555056164896274	5.0	5	5
1.6587265758893588	5.0	5	5
1.7623969868824436	6.0	6	6
1.8660673978755287	6.0	6	6
1.9697378088686135	6.0	6	6
2.0734082198616983	6.0	6	6
2.1770786308547834	6.0	6	6
2.2807490418478684	7.0	7	7
2.3844194528409535	7.0	7	7
2.488089863834038	5.0	5	5
2.591760274827123	6.0	6	6
2.695430685820208	5.0	5	5
2.7991010968132928	5.0	5	5
2.902771507806378	5.0	5	5
3.006441918799463	4.0	4	4
3.110112329792548	4.0	4	4
3.2137827407856325	4.0	4	4
3.3174531517787176	4.0	4	4
3.4211235627718026	3.0	3	3
3.5247939737648872	3.0	3	3
3.6284643847579723	3.0	3	3
3.7321347957510573	3.0	3	3
3.8358052067441424	3.0	3	3
3.939475617737227	3.0	3	3
4.0431460287303125	3.0	3	3
4.146816439723397	2.0	2	2
4.250486850716482	1.0	1	1
4.354157261709567	1.0	1	1
4.457827672702652	1.0	1	1
4.561498083695737	1.0	1	1
