time	diversity	m_div	M_div
0.0	1.0	1	1
0.1036862680632134	5.0	5	5
0.2073725361264268	5.0	5	5
0.3110588041896402	5.0	5	5
0.4147450722528536	4.0	4	4
0.518431340316067	4.0	4	4
0.6221176083792804	5.0	5	5
0.7258038764424939	6.0	6	6
0.8294901445057072	6.0	6	6
0.9331764125689206	5.0	5	5
1.036862680632134	5.0	5	5
1.1405489486953475	6.0	6	6
1.2442352167585609	6.0	6	6
1.3479214848217742	5.0	5	5
1.4516077528849878	5.0	5	5
1.5552940209482011	5.0	5	5
1.6589802890114145	5.0	5	5
1.7626665570746278	5.0	5	5
1.8663528251378412	6.0	6	6
1.9700390932010547	6.0	6	6
2.073725361264268	7.0	7	7
2.1774116293274814	8.0	8	8
2.281097897390695	7.0	7	7
2.384784165453908	7.0	7	7
2.4884704335171217	6.0	6	6
2.5921567015803353	7.0	7	7
2.6958429696435484	5.0	5	5
2.799529237706762	5.0	5	5
2.9032155057699756	4.0	4	4
3.0069017738331887	4.0	4	4
3.1105880418964023	4.0	4	4
3.2142743099596154	4.0	4	4
3.317960578022829	5.0	5	5
3.4216468460860425	5.0	5	5
3.5253331141492557	4.0	4	4
3.6290193822124692	4.0	4	4
3.7327056502756824	3.0	3	3
3.836391918338896	3.0	3	3
3.9400781864021095	3.0	3	3
4.043764454465323	3.0	3	3
4.147450722528536	3.0	3	3
4.25113699059175	3.0	3	3
4.354823258654963	2.0	2	2
4.458509526718176	1.0	1	1
4.56219579478139	1.0	1	1
