clade	species	ts	te
0.0	3.0	4.184764436496902	2.327897770134247
0.0	4.0	4.332520948603588	1.6964244660267604
0.0	5.0	4.56219579478139	3.373507125137639
0.0	6.0	3.323524555016739	3.2822213697516376
0.0	7.0	3.5963225797417384	3.1922380265268213
0.0	8.0	2.516267705669065	2.4837363509326096
0.0	9.0	2.0750584346617136	2.033799818260685
0.0	10.0	2.339192483422127	0.0027372022044511676
0.0	11.0	1.1729086351421993	0.021706934800742973
0.0	12.0	2.750438914925091	1.0353591646331293
0.0	13.0	1.3322281245592766	0.016809130331779915
0.0	16.0	0.8423485567184598	0.0004062569375702099
0.0	17.0	2.363702202349042	1.3142041066745265
0.0	18.0	0.3240837027661302	0.0
0.0	21.0	3.368872116862606	1.9148649348452325
0.0	22.0	3.2195706509137016	0.6859360397735487
0.0	23.0	2.537174675716558	0.5903007076822121
